0.66108561
0.6634026
0.92926111
-0.01480474
0.69215592
0.65515475
0.77845686
0.37335838
0.38703477
0.59230006
0.39783333
0.89677315
0.63096021
0.23333324
0.3693992
0.84215635
0.82355982
0.87730231
0.55348476
0.93950475
0.56169031
0.46921732
0.56638584
0.72818694
0.55735115
0.77416895
0.98905381
0.56891035
0.64867376
0.21400804
-0.031346429
0.043937193
-0.030562845
0.43776461
0.31193759
0.63596034
0.6477454
0.12613493
-0.5863018
0.66258974
0.58595165
0.15164517
0.2774965
0.25655533
0.28459594
0.19914584
0.31810735
-0.15702685
0.73888157
0.078028018
0.57680615
1
1.0000056
0.72704314
0.73918277
0.16720451
0.7400554
0.42714405
0.14669592
0.31767773
0.52885468
0.63646102
0.27001746
0.410534
-0.26382829
0.22066401
0.55810694
0.2484612
0.17415138
0.63001886
-0.0097018165
0.33870898
0.30055665
0.4711231
-0.038042559
-0.61945508
-0.55712872
-0.522401
0.87420921
-0.25080653
-0.73640025
0.33712126
0.64397475
0.19868495
0.16868912
0.23054311
-0.36343368
0.44779879
0.59447664
0.20989183
-0.38872608
0.72532571
0.29438432
-0.082770235
0.88799418
0.73866843
0.35467731
0.18199953
0.83935728
0.59313342
0.230254
0.96808536
0.99957611
0.48621095
0.40954002
0.67493108
0.40196866
0.4923419
-0.22679655
0.37820026
0.71791884
0.42138772
0.56434997
0.51801604
0.48884926
0.27444545
0.011414868
0.72387181
0.64712472
0.27167084
0.63243769
0.27454077
0.10096547
0.85501767
0.07738961
0.33773111
-0.2633423
0.18688305
0.017846008
-0.083718847
0.30067685
0.60346302
0.39067177
-0.023620512
-0.2188178
0.24079274
0.6261774
0.60744054
0.50382208
0.79753534
0.35490783
0.60219127
0.27155755
0.28770356
1
0.29097754
0.10433307
0.8617747
1
0.99920183
1.0373685
0.48079783
0.80545888
0.80460114
0.63155137
0.46285437
0.99941384
0.41960167
1.0067078
0.7676693
0.9124698
1
-0.1592889
-0.61767428
-0.23422356
0.36912932
-0.014035847
0.63874581
0.49863417
0.39009762
0.88921652
0.36112761
0.60132589
0.58347061
0.77456278
0.39175012
0.48477534
0.39984251
-0.089911642
0.7978933
0.85661495
0.12353045
0.81801639
0.54633657
0.87330167
0.16187062
0.56953228
0.50887894
0.69767627
0.95282173
0.3201881
0.52174432
0.69073166
0.64389068
0.63437898
0.84851444
0.74013827
0.67470793
0.31970026
-0.060159387
0.75498998
0.20491929
0.87680175
0.82120636
0.139237
0.7202395
0.66119909
0.41707753
0.35714015
0.55466638
0.66358314
0.47052361
0.57352138
0.56005532
-0.17953463
0.83561618
0.7139753
0.87216178
0.56848902
0.78691393
0.75498998
0.64245655
0.73028798
0.75236339
0.17783183
0.70868586
0.76088412
0.71952006
0.4488321
0.63347189
0.6092511
0.79893979
0.62624949
0.71050969
0.82165365
0.86370028
-0.10891907
0.25243659
0.29887087
0.62655227
0.34737855
0.43504424
0.71251205
0.057054554
0.47224496
0.34165715
0.49533427
0.59660626
0.78209094
1
0.93852179
0.95119808
1.0759489
1
0.96398069
1
1
0.59300897
0.9996855
0.49634876
0.92236439
0.81210075
0.98921688
-0.40146965
-0.15274058
0.37245038
0.39865645
0.27342289
0.61837314
0.55087054
0.74245138
0.66424429
0.39397936
0.60416331
0.95848929
0.99136184
0.99921462
-0.076626268
0.40060538
-0.20701875
0.50022543
0.093107414
0.9991189
0.30386381
0.37756374
0.92841394
0.3828755
0.12561936
0.92836043
0.63701642
0.2776764
0.37776229
0.66434409
0.642629
0.44923928
0.25788352
0.5180424
0.17122946
0.59837889
0.50573941
0.47103464
0.56383646
0.68159412
0.50465546
-0.48131135
-0.025379079
0.27341514
0.071063386
0.64389068
0.028702225
0.58512217
0.33039001
0.61241276
0.22241091
-0.16043857
0.15164517
0.29950085
0.061844084
-0.40006177
0.32572897
0.33573266
0.044614945
0.20708853
0.57257908
0.80612568
0.37763391
0.22838502
0.29950085
0.46322621
-0.10028819
0.72699359
0.66647113
0.4599223
0.64196953
0.46622527
0.86404915
-0.50781138
0.16129447
0.3663987
0.24966657
0.39276094
0.21733843
0.72662717
0.41380217
0.62437488
0.23402871
0.70392747
0.68013992
0.62437488
-0.01480474
-0.18883632
0.6144407
0.6144407
0.66424189
-0.42104351
0.23333324
0.56169749
0.042787184
-0.041658543
0.1399471
0.56005532
-0.99999998
0.11498768
0.089487684
1.0516434
0.17770881
0.33228009
-0.99999998
0.82191791
0.48612994
-0.58423854
0.056637192
-0.051917526
0.45339917
0.34561767
0.47555469
-0.61523745
-0.31682655
0.45071534
0.13638758
0.34155719
0.54615432
0.23891423
-0.016588353
0.29950085
0.39796495
0.58302131
0.35429068
-0.71218751
0.21733843
0.50792932
0.39025255
0.32167448
0.47262707
0.48027838
0.36715725
0.26638537
-0.44469137
0.44962075
-0.52551886
0.32335565
0.29950085
0.44119742
0.5808029
-0.46646002
0.017908767
0.4443904
0.51014795
0.0028551617
0.72756182
0.17195523
0.48856153
0.52908503
0.232135
0.39965474
0.64196953
0.6092511
-0.079655691
-0.19404185
0.023786926
0.73304779
-0.48953556
0.5180424
-0.12132574
0.95940864
0.10153465
-0.22984396
0.59837889
0.52464108
-0.5863018
0.72756182
0.21594276
0.35781147
0.8816442
0.55466638
0.70153852
0.25302309
0.23333324
0.69252809
0.16187062
0.54269141
0.06012992
0.25321305
0.15987977
0.72756182
0.069607874
0.51107652
0.25450746
-0.60054151
0.73929831
0.45891397
0.58620404
-0.71218751
-0.12848697
0.72756182
0.50099436
0.32247231
0.51001127
0.24720436
0.20800957
0.31352861
0.54351426
0.38988607
0.62437488
-0.1292492
-0.77525675
0.43510586
0.55466638
-0.050840134
0.53997921
-1.0004669
-0.12877306
-0.51542418
0.52201474
0.12893104
0.58512217
-0.55220215
0.19743923
0.63212651
0.051436289
-0.50126838
1.0177993
0.16762075
0.22395774
0.37506423
0.25179103
0.22855318
0.46794746
0.09971273
0.6144407
0.081227431
0.43310957
0.84215635
0.16030176
0.14725148
-0.62565436
0.78191385
-0.29619879
0.13566245
0.3100677
0.29438432
0.64397475
0.17130037
0.57073198
-0.0089411138
0.96266516
0.4605831
0.28387034
0.098335989
0.230254
0.12205104
0.13185967
-1.0002416
0.4233776
0.55087054
-0.17649589
0.37656894
0.50918405
0.50373966
0.64550929
0.89476709
0.9868277
0.48172876
0.75498998
0.20567384
0.80902599
-1.0000207
0.24387974
0.46969435
0.46622527
0.30620131
0.53290676
-0.29363232
0.65823379
-0.41455679
-0.13712974
0.7455442
-0.30926973
-0.9075808
0.5180424
0.23892751
0.49736025
0.77778168
-0.22011852
0.33787416
1.0554912
0.07888908
-0.26139695
0.29953696
0.26601891
0.39531604
0.39436481
0.2648678
0.37982653
0.46969435
0.36467869
0.23402871
-0.61884142
-0.19273411
0.34699617
0.45071534
0.61836558
-0.15536615
0.53749576
0.12891067
0.3611646
0.31970026
0.34564515
-0.54875883
0.28812254
-0.71759083
0.59837889
0.56383646
0.63787766
-0.24132574
0.45071534
0.81911959
-0.88693647
0.51801604
-0.61653271
0.42346646
0.0077393933
0.16898574
0.22133096
0.20057998
0.30890171
